  0.99999999999999922        3.0456312554678715E-002   3.0456312554679493E-002
  0.99999999999999922       -3.0456312554678715E-002   3.0456312554679493E-002
  0.99653122838680352        3.6550062539736208E-002   4.0183066488124218E-002
  0.99653122838680352       -3.6550062539736208E-002   4.0183066488124218E-002
  0.97582223017779057        3.0939448475757570E-002   6.3443709586333219E-002
  0.97582223017779057       -3.0939448475757570E-002   6.3443709586333219E-002
   1.0110174006584460        3.9129549344392861E-002   5.1668412320691325E-002
   1.0110174006584460       -3.9129549344392861E-002   5.1668412320691325E-002
   1.0249619400577816        3.3196108320365188E-002   6.6496023159081721E-002
   1.0249619400577816       -3.3196108320365188E-002   6.6496023159081721E-002
  0.98625370008384150        4.2951419224081806E-002   5.8843807327852590E-002
  0.98625370008384150       -4.2951419224081806E-002   5.8843807327852590E-002
  0.99616768288876623        5.7940864303156731E-002   6.1899781414730591E-002
  0.99616768288876623       -5.7940864303156731E-002   6.1899781414730591E-002
  0.98788237599985995        5.7099170875019922E-002   7.0488439704766731E-002
  0.98788237599985995       -5.7099170875019922E-002   7.0488439704766731E-002
   1.0154614606951888        5.7494561727743865E-002   7.4998687663651337E-002
   1.0154614606951888       -5.7494561727743865E-002   7.4998687663651337E-002
  0.98331998727070657        7.3449834724311047E-002   9.2000003738838820E-002
  0.98331998727070657       -7.3449834724311047E-002   9.2000003738838820E-002
   1.0004340960350409        8.0154148101535413E-002   8.0589419609027574E-002
   1.0004340960350409       -8.0154148101535413E-002   8.0589419609027574E-002
   1.0177794819618138        8.7987318891917007E-002  0.10754516730213945     
   1.0177794819618138       -8.7987318891917007E-002  0.10754516730213945     
  0.98016474805848763        9.4978793974987555E-002  0.11686312692868500     
  0.98016474805848763       -9.4978793974987555E-002  0.11686312692868500     
   1.0065633998797934        9.8126560096697263E-002  0.10490921836941099     
   1.0065633998797934       -9.8126560096697263E-002  0.10490921836941099     
  0.99100612146263778       0.10111126923169905       0.11050436379277787     
  0.99100612146263778      -0.10111126923169905       0.11050436379277787     
  0.97900462662594334       0.11832223748832769       0.14116590881165994     
  0.97900462662594334      -0.11832223748832769       0.14116590881165994     
  0.99952807760790230       0.12454350866748647       0.12501632516457256     
  0.99952807760790230      -0.12454350866748647       0.12501632516457256     
  0.98157944226916016       0.12505757764445347       0.14482749849523660     
  0.98157944226916016      -0.12505757764445347       0.14482749849523660     
   1.0188485321084313       0.12635386265563373       0.14660050184135290     
   1.0188485321084313      -0.12635386265563373       0.14660050184135290     
  0.97712798504848342       0.14252211526333658       0.16721771944970454     
  0.97712798504848342      -0.14252211526333658       0.16721771944970454     
   1.0021321861956971       0.14676295385733315       0.14891062753809187     
   1.0021321861956971      -0.14676295385733315       0.14891062753809187     
  0.97716063354670446       0.15322914674100538       0.17776130831746298     
  0.97716063354670446      -0.15322914674100538       0.17776130831746298     
  0.99218983289656104       0.16294156182767322       0.17093880125767044     
  0.99218983289656104      -0.16294156182767322       0.17093880125767044     
  0.97224674880985329       0.16607544376490060       0.19613168203368450     
  0.97224674880985329      -0.16607544376490060       0.19613168203368450     
   1.0037574067944464       0.18582289813746025       0.18961828911782252     
   1.0037574067944464      -0.18582289813746025       0.18961828911782252     
  0.96393866981624021       0.18300880794378310       0.22258919223022894     
  0.96393866981624021      -0.18300880794378310       0.22258919223022894     
  0.98387757469286807       0.18823284124996081       0.20504445981559521     
  0.98387757469286807      -0.18823284124996081       0.20504445981559521     
  0.97391121983108486       0.19588273685548324       0.22370120652084391     
  0.97391121983108486      -0.19588273685548324       0.22370120652084391     
  0.99055046028831828       0.20561108974029296       0.21527765738502938     
  0.99055046028831828      -0.20561108974029296       0.21527765738502938     
  0.95908935686621355       0.21191744853331410       0.25674086741780522     
  0.95908935686621355      -0.21191744853331410       0.25674086741780522     
  0.96415060398992292       0.21684994869170157       0.25564266124329788     
  0.96415060398992292      -0.21684994869170157       0.25564266124329788     
  0.98750460913189086       0.23128727206380129       0.24411995133539133     
  0.98750460913189086      -0.23128727206380129       0.24411995133539133     
  0.96337092130908486       0.23382651921153752       0.27330719447758600     
  0.96337092130908486      -0.23382651921153752       0.27330719447758600     
  0.97771656714204225       0.23771298818480632       0.26103857129833763     
  0.97771656714204225      -0.23771298818480632       0.26103857129833763     
  0.95898095355543966       0.24860801932908339       0.29298830934373005     
  0.95898095355543966      -0.24860801932908339       0.29298830934373005     
  0.95062635713079113       0.25527882524029671       0.30938332581629097     
  0.95062635713079113      -0.25527882524029671       0.30938332581629097     
   1.0010417775812173       0.26334852838862377       0.26439236654008497     
   1.0010417775812173      -0.26334852838862377       0.26439236654008497     
  0.96464244675523547       0.26706416288652601       0.30475210343043041     
  0.96464244675523547      -0.26706416288652601       0.30475210343043041     
  0.97247483065012785       0.27486649502052846       0.30376641361402856     
  0.97247483065012785      -0.27486649502052846       0.30376641361402856     
  0.93830924884581457       0.27335221976729435       0.34191777488614961     
  0.93830924884581457      -0.27335221976729435       0.34191777488614961     
  0.93722081252492562       0.28620945171722167       0.35579296979990493     
  0.93722081252492562      -0.28620945171722167       0.35579296979990493     
  0.95268223900082316       0.29680519045239240       0.34787107005674844     
  0.95268223900082316      -0.29680519045239240       0.34787107005674844     
  0.97121267879401185       0.30078034449726121       0.33094212507001391     
  0.97121267879401185      -0.30078034449726121       0.33094212507001391     
  0.94873641146945986       0.30937902764346986       0.36486100282894823     
  0.94873641146945986      -0.30937902764346986       0.36486100282894823     
  0.93265256515352091       0.30994281136587909       0.38452281739970573     
  0.93265256515352091      -0.30994281136587909       0.38452281739970573     
  0.95800146919353812       0.32302493631531587       0.36774227375698304     
  0.95800146919353812      -0.32302493631531587       0.36774227375698304     
  0.94267866876765916       0.32857365859262166       0.39085751238093591     
  0.94267866876765916      -0.32857365859262166       0.39085751238093591     
  0.92391033257460831       0.32928142164826757       0.41404808518061031     
  0.92391033257460831      -0.32928142164826757       0.41404808518061031     
  0.95258342472107005       0.34934361243939438       0.39996343906215553     
  0.95258342472107005      -0.34934361243939438       0.39996343906215553     
  0.92071330180846600       0.34616342582777215       0.43441413713554872     
  0.92071330180846600      -0.34616342582777215       0.43441413713554872     
  0.95835440124009286       0.35652489547775307       0.40059456030109053     
  0.95835440124009286      -0.35652489547775307       0.40059456030109053     
  0.93085535011641607       0.35989688776148732       0.43562350661058258     
  0.93085535011641607      -0.35989688776148732       0.43562350661058258     
  0.92273239026968035       0.36862100099164213       0.45389969265146063     
  0.92273239026968035      -0.36862100099164213       0.45389969265146063     
  0.92954349543815273       0.37996415304757225       0.45689780235005278     
  0.92954349543815273      -0.37996415304757225       0.45689780235005278     
  0.89676273274201668       0.37840832825191695       0.49547545540557664     
  0.89676273274201668      -0.37840832825191695       0.49547545540557664     
  0.94817936660056923       0.38921598214008540       0.44447118898185889     
  0.94817936660056923      -0.38921598214008540       0.44447118898185889     
  0.91841969300276438       0.39789859158268392       0.48775592870937962     
  0.91841969300276438      -0.39789859158268392       0.48775592870937962     
  0.90782481596619691       0.39934131368465042       0.50201631101723287     
  0.90782481596619691      -0.39934131368465042       0.50201631101723287     
  0.92576493711127861       0.40625028818859871       0.48721223079926329     
  0.92576493711127861      -0.40625028818859871       0.48721223079926329     
  0.90437826112474884       0.41353551797670340       0.52006860430576318     
  0.90437826112474884      -0.41353551797670340       0.52006860430576318     
  0.91654183797638455       0.42320853354150367       0.51481732521678336     
  0.91654183797638455      -0.42320853354150367       0.51481732521678336     
  0.88725487553271987       0.41687747808188375       0.54459960785613415     
  0.88725487553271987      -0.41687747808188375       0.54459960785613415     
  0.93613090283514722       0.44455183090980838       0.51298555415336744     
  0.93613090283514722      -0.44455183090980838       0.51298555415336744     
  0.88091560819547432       0.43920774141705909       0.57414980742312438     
  0.88091560819547432      -0.43920774141705909       0.57414980742312438     
  0.90361542640777559       0.44861823754081070       0.55524000734100132     
  0.90361542640777559      -0.44861823754081070       0.55524000734100132     
  0.88747612467993875       0.45175610483657702       0.57808289496650844     
  0.88747612467993875      -0.45175610483657702       0.57808289496650844     
  0.87003508569734378       0.45209606354903559       0.60037083436131189     
  0.87003508569734378      -0.45209606354903559       0.60037083436131189     
  0.90306598197095533       0.46664960596290356       0.57354503195611328     
  0.90306598197095533      -0.46664960596290356       0.57354503195611328     
  0.88600022555247149       0.47629402925934589       0.60374659769622507     
  0.88600022555247149      -0.47629402925934589       0.60374659769622507     
  0.86609514294361789       0.47236002934043125       0.62487787878138812     
  0.86609514294361789      -0.47236002934043125       0.62487787878138812     
  0.86608584249414067       0.48496778000798441       0.63703119083545834     
  0.86608584249414067      -0.48496778000798441       0.63703119083545834     
  0.88693022504278951       0.49495522119368773       0.62077583656743651     
  0.88693022504278951      -0.49495522119368773       0.62077583656743651     
  0.83280105379559477       0.47962757202568873       0.67513407538836001     
  0.83280105379559477      -0.47962757202568873       0.67513407538836001     
  0.85100003195984275       0.49994150155695299       0.67067275385037062     
  0.85100003195984275      -0.49994150155695299       0.67067275385037062     
  0.87922407088630750       0.51318875545558340       0.64798511319466645     
  0.87922407088630750      -0.51318875545558340       0.64798511319466645     
  0.84984482305426745       0.51372843178053829       0.68537800790802939     
  0.84984482305426745      -0.51372843178053829       0.68537800790802939     
  0.86587691464274585       0.52174952266199093       0.67283596475013141     
  0.86587691464274585      -0.52174952266199093       0.67283596475013141     
  0.85276001655740918       0.52994198729035757       0.69725645830259708     
  0.85276001655740918      -0.52994198729035757       0.69725645830259708     
  0.83291433132023607       0.52452783635340183       0.71758278201256331     
  0.83291433132023607      -0.52452783635340183       0.71758278201256331     
  0.85474718113602766       0.54400022606102916       0.70831109945522763     
  0.85474718113602766      -0.54400022606102916       0.70831109945522763     
  0.81730715698135215       0.53815529726159606       0.75101299826650914     
  0.81730715698135215      -0.53815529726159606       0.75101299826650914     
  0.84450067810807106       0.55250724937467299       0.72947170774373704     
  0.84450067810807106      -0.55250724937467299       0.72947170774373704     
  0.82550721959124385       0.55865432593343800       0.75976398788348098     
  0.82550721959124385      -0.55865432593343800       0.75976398788348098     
  0.81210236211672482       0.55743780819906474       0.77615135213580044     
  0.81210236211672482      -0.55743780819906474       0.77615135213580044     
  0.83292873413147461       0.57884964204730149       0.76954924553018955     
  0.83292873413147461      -0.57884964204730149       0.76954924553018955     
  0.79945528352793849       0.57065828121444195       0.80541582441447324     
  0.79945528352793849      -0.57065828121444195       0.80541582441447324     
  0.81167685924283695       0.57862088338010265       0.79681942836146114     
  0.81167685924283695      -0.57862088338010265       0.79681942836146114     
  0.78419292498421245       0.58167350757821190       0.83622367943995179     
  0.78419292498421245      -0.58167350757821190       0.83622367943995179     
  0.82697388319471854       0.59875296556502744       0.79627819331175398     
  0.82697388319471854      -0.59875296556502744       0.79627819331175398     
  0.81445692102958600       0.59911196821331192       0.81272836627413403     
  0.81445692102958600      -0.59911196821331192       0.81272836627413403     
  0.78256129214042769       0.59979373201805852       0.85542939168167254     
  0.78256129214042769      -0.59979373201805852       0.85542939168167254     
  0.79529590712847564       0.60810981239539941       0.84634364088109149     
  0.79529590712847564      -0.60810981239539941       0.84634364088109149     
  0.79956897720270548       0.61915507496494948       0.85121946903341339     
  0.79956897720270548      -0.61915507496494948       0.85121946903341339     
  0.76527691399545117       0.61945673617898733       0.89715917733791084     
  0.76527691399545117      -0.61945673617898733       0.89715917733791084     
  0.77890814804043740       0.63020079313168698       0.88895010538368291     
  0.77890814804043740      -0.63020079313168698       0.88895010538368291     
  0.78409169458504624       0.64103654533404408       0.89232847720240349     
  0.78409169458504624      -0.64103654533404408       0.89232847720240349     
  0.75065326745729555       0.62961334155351145       0.92653706981273787     
  0.75065326745729555      -0.62961334155351145       0.92653706981273787     
  0.76194009580275124       0.64006576523819669       0.92096304653616168     
  0.76194009580275124      -0.64006576523819669       0.92096304653616168     
  0.77219301201220225       0.65257309344693459       0.91899991768758438     
  0.77219301201220225      -0.65257309344693459       0.91899991768758438     
  0.73549948912249952       0.65303385937236813       0.96906686101155892     
  0.73549948912249952      -0.65303385937236813       0.96906686101155892     
  0.75568478143458706       0.66154460644870761       0.94953234282151111     
  0.75568478143458706      -0.66154460644870761       0.94953234282151111     
  0.73845495388887183       0.66313494657394123       0.97439409641062602     
  0.73845495388887183      -0.66313494657394123       0.97439409641062602     
  0.72588342148879248       0.66385710164976885       0.99234088193286318     
  0.72588342148879248      -0.66385710164976885       0.99234088193286318     
  0.75567328567889569       0.68029673080206354       0.96716776550104522     
  0.75567328567889569      -0.68029673080206354       0.96716776550104522     
  0.73673751833399870       0.68536343351056372       0.99744922238414491     
  0.73673751833399870      -0.68536343351056372       0.99744922238414491     
  0.71210052745239749       0.68056788009389269        1.0268573507170438     
  0.71210052745239749      -0.68056788009389269        1.0268573507170438     
  0.69513510798388389       0.69055414596164111        1.0597209252362325     
  0.69513510798388389      -0.69055414596164111        1.0597209252362325     
  0.73138265458633844       0.70784084891420673        1.0257130762487172     
  0.73138265458633844      -0.70784084891420673        1.0257130762487172     
  0.70884604130015982       0.70505662516281253        1.0539615834339950     
  0.70884604130015982      -0.70505662516281253        1.0539615834339950     
  0.83933510598891270       0.74823731587953513       0.92595718395147675     
  0.83933510598891270      -0.74823731587953513       0.92595718395147675     
  0.69881921736855468       0.70907734989855276        1.0715706527398501     
  0.69881921736855468      -0.70907734989855276        1.0715706527398501     
  0.67147555897386924       0.70260017626196336        1.1041373058207224     
  0.67147555897386924      -0.70260017626196336        1.1041373058207224     
  0.69067921737811799       0.71277431957810555        1.0863192235545811     
  0.69067921737811799      -0.71277431957810555        1.0863192235545811     
  0.72018053070484789       0.73594676811385185        1.0671672837290553     
  0.72018053070484789      -0.73594676811385185        1.0671672837290553     
  0.69444563375197577       0.73653637600526667        1.1029559613757260     
  0.69444563375197577      -0.73653637600526667        1.1029559613757260     
  0.67402616158794060       0.73379130019347738        1.1289113301066029     
  0.67402616158794060      -0.73379130019347738        1.1289113301066029     
  0.67297668277757627       0.74048787412215555        1.1365086733154832     
  0.67297668277757627      -0.74048787412215555        1.1365086733154832     
  0.64064072748032441       0.72629977323847794        1.1696989835990075     
  0.64064072748032441      -0.72629977323847794        1.1696989835990075     
  0.65323656158697851       0.73443056588167299        1.1589414597367309     
  0.65323656158697851      -0.73443056588167299        1.1589414597367309     
  0.66225112000633057       0.75298470875122503        1.1630126424055089     
  0.66225112000633057      -0.75298470875122503        1.1630126424055089     
  0.64515742620417194       0.75891547247935154        1.1926169745425954     
  0.64515742620417194      -0.75891547247935154        1.1926169745425954     
  0.66341751005729066       0.77387690170044721        1.1804860576099623     
  0.66341751005729066      -0.77387690170044721        1.1804860576099623     
  0.61463522049033781       0.76022577780177525        1.2376846997983089     
  0.61463522049033781      -0.76022577780177525        1.2376846997983089     
  0.62882771550841587       0.76908512535440110        1.2251399623436772     
  0.62882771550841587      -0.76908512535440110        1.2251399623436772     
  0.64091411570142776       0.77996730721312069        1.2177427847097750     
  0.64091411570142776      -0.77996730721312069        1.2177427847097750     
  0.63603051061835369       0.78865915162796763        1.2325643584934101     
  0.63603051061835369      -0.78865915162796763        1.2325643584934101     
  0.61603115981426226       0.78393712977068497        1.2568889359944437     
  0.61603115981426226      -0.78393712977068497        1.2568889359944437     
  0.60010149912286570       0.77992320622023437        1.2763681344667011     
  0.60010149912286570      -0.77992320622023437        1.2763681344667011     
  0.60766412900924049       0.79558407213221416        1.2793992573936446     
  0.60766412900924049      -0.79558407213221416        1.2793992573936446     
  0.58088335200868091       0.78554811308947337        1.3094787106388195     
  0.58088335200868091      -0.78554811308947337        1.3094787106388195     
  0.60836756059778030       0.81191912846438008        1.2930694248640386     
  0.60836756059778030      -0.81191912846438008        1.2930694248640386     
  0.57946713432422803       0.80110898068513958        1.3253110097795409     
  0.57946713432422803      -0.80110898068513958        1.3253110097795409     
  0.57810105010671786       0.81843032908700408        1.3426741273880471     
  0.57810105010671786      -0.81843032908700408        1.3426741273880471     
  0.55930243049473050       0.81059887193044089        1.3633485755431729     
  0.55930243049473050      -0.81059887193044089        1.3633485755431729     
  0.53225945081715254       0.80275093814018617        1.3968208955656674     
  0.53225945081715254      -0.80275093814018617        1.3968208955656674     
  0.58737292457931767       0.84062027589978894        1.3490583604726409     
  0.58737292457931767      -0.84062027589978894        1.3490583604726409     
  0.60811547497312768       0.85322450591545462        1.3308017409997230     
  0.60811547497312768      -0.85322450591545462        1.3308017409997230     
  0.55722383352832205       0.83209549958027962        1.3853437523864018     
  0.55722383352832205      -0.83209549958027962        1.3853437523864018     
  0.54230921456273695       0.82677352381192803        1.4026962429614889     
  0.54230921456273695      -0.82677352381192803        1.4026962429614889     
  0.52714817597309116       0.83158550983545265        1.4294725992842019     
  0.52714817597309116      -0.83158550983545265        1.4294725992842019     
  0.55841793500650916       0.85232228097752460        1.4015028902570363     
  0.55841793500650916      -0.85232228097752460        1.4015028902570363     
  0.51417744620753614       0.84175350186541864        1.4577137574135928     
  0.51417744620753614      -0.84175350186541864        1.4577137574135928     
  0.52510611559160081       0.84917194700318688        1.4478364300017561     
  0.52510611559160081      -0.84917194700318688        1.4478364300017561     
  0.53780418972016975       0.86221285036336737        1.4404779609766276     
  0.53780418972016975      -0.86221285036336737        1.4404779609766276     
  0.50413014353740793       0.85251537196116733        1.4821098749055261     
  0.50413014353740793      -0.85251537196116733        1.4821098749055261     
  0.50494851931130968       0.86111984283701470        1.4883305715084405     
  0.50494851931130968      -0.86111984283701470        1.4883305715084405     
  0.48551780389166405       0.86325719462386052        1.5194224501445219     
  0.48551780389166405      -0.86325719462386052        1.5194224501445219     
  0.50986146043250136       0.88068078943991845        1.4980246645131090     
  0.50986146043250136      -0.88068078943991845        1.4980246645131090     
  0.45262021721131473       0.84804027568885743        1.5567344953631208     
  0.45262021721131473      -0.84804027568885743        1.5567344953631208     
  0.46296858681576669       0.86482145091309681        1.5550288987931560     
  0.46296858681576669      -0.86482145091309681        1.5550288987931560     
  0.48647125268141456       0.88664271923462046        1.5381492067543501     
  0.48647125268141456      -0.88664271923462046        1.5381492067543501     
  0.45931980534170702       0.88509620290508040        1.5778544140123612     
  0.45931980534170702      -0.88509620290508040        1.5778544140123612     
  0.43255079300464483       0.87660192154443373        1.6116855458454504     
  0.43255079300464483      -0.87660192154443373        1.6116855458454504     
  0.47220389181772260       0.90122277200564860        1.5721960395274990     
  0.47220389181772260      -0.90122277200564860        1.5721960395274990     
  0.44670666070570531       0.88769596591894795        1.5993036868608019     
  0.44670666070570531      -0.88769596591894795        1.5993036868608019     
  0.50887709203840625       0.92879431072706475        1.5417706045581339     
  0.50887709203840625      -0.92879431072706475        1.5417706045581339     
  0.44625490634547615       0.90550179154306776        1.6151437573215566     
  0.44625490634547615      -0.90550179154306776        1.6151437573215566     
  0.42861940831737744       0.89881348616744805        1.6364352679636411     
  0.42861940831737744      -0.89881348616744805        1.6364352679636411     
  0.39024521645040378       0.88981611724036336        1.6884454799785267     
  0.39024521645040378      -0.88981611724036336        1.6884454799785267     
  0.40569720728913333       0.90226859505854595        1.6747121720911355     
  0.40569720728913333      -0.90226859505854595        1.6747121720911355     
  0.41963307180826720       0.91686474032947662        1.6654783157451702     
  0.41963307180826720      -0.91686474032947662        1.6654783157451702     
  0.39399997212917603       0.90207259714844079        1.6927249260421930     
  0.39399997212917603      -0.90207259714844079        1.6927249260421930     
  0.43142751971511217       0.93704934357244130        1.6646272862261111     
  0.43142751971511217      -0.93704934357244130        1.6646272862261111     
  0.37944192549401007       0.92031051983057499        1.7305417576047124     
  0.37944192549401007      -0.92031051983057499        1.7305417576047124     
  0.37298546929837473       0.91600349784452051        1.7370639123844294     
  0.37298546929837473      -0.91600349784452051        1.7370639123844294     
  0.39573730074712271       0.93195825143985656        1.7149739993372908     
  0.39573730074712271      -0.93195825143985656        1.7149739993372908     
  0.35132816129092725       0.92371862817019212        1.7774017702528551     
  0.35132816129092725      -0.92371862817019212        1.7774017702528551     
  0.37343751432553807       0.94499031714688408        1.7603998849323665     
  0.37343751432553807      -0.94499031714688408        1.7603998849323665     
  0.32880064886890215       0.91406749079424721        1.8052310732119654     
  0.32880064886890215      -0.91406749079424721        1.8052310732119654     
  0.36413199634150190       0.94469366714935032        1.7746279620468897     
  0.36413199634150190      -0.94469366714935032        1.7746279620468897     
  0.34348740797316424       0.93190255424657142        1.7964473068684703     
  0.34348740797316424      -0.93190255424657142        1.7964473068684703     
  0.33646324137280414       0.93958808463789645        1.8138005539554658     
  0.33646324137280414      -0.93958808463789645        1.8138005539554658     
  0.31575154765820912       0.93337948753926547        1.8415700205721586     
  0.31575154765820912      -0.93337948753926547        1.8415700205721586     
  0.32742310958006782       0.95655384343764649        1.8419164172137026     
  0.32742310958006782      -0.95655384343764649        1.8419164172137026     
  0.29407599126238865       0.93476091138068218        1.8772935778990365     
  0.29407599126238865      -0.93476091138068218        1.8772935778990365     
  0.39620991419618690        1.0082430400097127        1.7789992141903328     
  0.39620991419618690       -1.0082430400097127        1.7789992141903328     
  0.29055223442675682       0.94502195012338464        1.8911341107138953     
  0.29055223442675682      -0.94502195012338464        1.8911341107138953     
  0.26247980059443027       0.92602698269020933        1.9213538098431027     
  0.26247980059443027      -0.92602698269020933        1.9213538098431027     
  0.30374864277943953       0.96016098282268070        1.8822846895373586     
  0.30374864277943953      -0.96016098282268070        1.8822846895373586     
  0.29468668438225343       0.96333155931066838        1.8992457116735797     
  0.29468668438225343      -0.96333155931066838        1.8992457116735797     
  0.33098207634998783        1.0004193503120058        1.8725227465085121     
  0.33098207634998783       -1.0004193503120058        1.8725227465085121     
  0.26390072557911287       0.95473329020987774        1.9416521754741489     
  0.26390072557911287      -0.95473329020987774        1.9416521754741489     
  0.27025181026106770       0.96738170333745399        1.9415071510754363     
  0.27025181026106770      -0.96738170333745399        1.9415071510754363     
  0.25586784231011106       0.96165372453724063        1.9600723511305684     
  0.25586784231011106      -0.96165372453724063        1.9600723511305684     
  0.24707213135604186       0.97023918524827679        1.9810420538775517     
  0.24707213135604186      -0.97023918524827679        1.9810420538775517     
  0.23125868349532608       0.96164626734886138        1.9998898677393886     
  0.23125868349532608      -0.96164626734886138        1.9998898677393886     
  0.25773115270609892       0.99262528957232998        1.9817316370385423     
  0.25773115270609892      -0.99262528957232998        1.9817316370385423     
  0.21922302958927978       0.96508147936849442        2.0221451427688746     
  0.21922302958927978      -0.96508147936849442        2.0221451427688746     
  0.20261577955102039       0.95414072511360926        2.0408495872129082     
  0.20261577955102039      -0.95414072511360926        2.0408495872129082     
  0.23261497483106838       0.98861682565269349        2.0188813315227021     
  0.23261497483106838      -0.98861682565269349        2.0188813315227021     
  0.21116039428870823       0.98092524002977455        2.0476017953508667     
  0.21116039428870823      -0.98092524002977455        2.0476017953508667     
  0.18153853581303009       0.97188575187255910        2.0890680449396308     
  0.18153853581303009      -0.97188575187255910        2.0890680449396308     
  0.20020860459338258       0.98963368035537802        2.0722068532898490     
  0.20020860459338258      -0.98963368035537802        2.0722068532898490     
  0.16385964956984075       0.95976467758522654        2.1090421227432250     
  0.16385964956984075      -0.95976467758522654        2.1090421227432250     
  0.18208336221834071       0.98430742007575289        2.0977012773113888     
  0.18208336221834071      -0.98430742007575289        2.0977012773113888     
  0.21009663162862252        1.0102244890658827        2.0722842983890035     
  0.21009663162862252       -1.0102244890658827        2.0722842983890035     
  0.11731468580649654       0.94126208671821876        2.1730758286448535     
  0.11731468580649654      -0.94126208671821876        2.1730758286448535     
  0.14411473075190259       0.97216517572623362        2.1511245224406137     
  0.14411473075190259      -0.97216517572623362        2.1511245224406137     
  0.15794338575945424       0.99188499823854015        2.1431696728626317     
  0.15794338575945424      -0.99188499823854015        2.1431696728626317     
  0.16632397050098618        1.0020124918950066        2.1371501397424360     
  0.16632397050098618       -1.0020124918950066        2.1371501397424360     
  0.11072531028602316       0.96247204823885757        2.1996799390193171     
  0.11072531028602316      -0.96247204823885757        2.1996799390193171     
  0.14326621073977963       0.99304853297084650        2.1682741715953302     
  0.14326621073977963      -0.99304853297084650        2.1682741715953302     
  0.12062484712698218       0.98239818084248098        2.1978617266435130     
  0.12062484712698218      -0.98239818084248098        2.1978617266435130     
  0.11743334588156443       0.99238875915355385        2.2106326721522307     
  0.11743334588156443      -0.99238875915355385        2.2106326721522307     
  0.13646505890613353        1.0148020093289793        2.1960197299857027     
  0.13646505890613353       -1.0148020093289793        2.1960197299857027     
   9.6462594403036395E-002  0.99488966492529551        2.2474813362309982     
   9.6462594403036395E-002 -0.99488966492529551        2.2474813362309982     
   7.4359065429090251E-002  0.98404302785290831        2.2766227332711093     
   7.4359065429090251E-002 -0.98404302785290831        2.2766227332711093     
   6.2767751128137567E-002  0.97570967444970325        2.2901600581581354     
   6.2767751128137567E-002 -0.97570967444970325        2.2901600581581354     
   4.9538530160642552E-002  0.96794592879437147        2.3070366895447707     
   4.9538530160642552E-002 -0.96794592879437147        2.3070366895447707     
   8.8563844718780399E-002   1.0055237946797690        2.2685632557478685     
   8.8563844718780399E-002  -1.0055237946797690        2.2685632557478685     
   9.8063397855106677E-002   1.0240078635135572        2.2665177608988443     
   9.8063397855106677E-002  -1.0240078635135572        2.2665177608988443     
   5.8505949921450362E-002  0.99282291225554653        2.3097441666262863     
   5.8505949921450362E-002 -0.99282291225554653        2.3097441666262863     
   7.7005982753304114E-002   1.0107516779818653        2.2917660619701223     
   7.7005982753304114E-002  -1.0107516779818653        2.2917660619701223     
   2.9262483274425904E-002  0.97863420900095177        2.3491627926855925     
   2.9262483274425904E-002 -0.97863420900095177        2.3491627926855925     
   4.9636772846281277E-002   1.0021835443085529        2.3315084476171153     
   4.9636772846281277E-002  -1.0021835443085529        2.3315084476171153     
   3.3987173197319864E-002   1.0041810369584938        2.3594116701114940     
   3.3987173197319864E-002  -1.0041810369584938        2.3594116701114940     
   5.4133802363887026E-003  0.98509942020871188        2.3944521175555766     
   5.4133802363887026E-003 -0.98509942020871188        2.3944521175555766     
   9.4556152491790668E-003  0.99306428889952747        2.3931686609021026     
   9.4556152491790668E-003 -0.99306428889952747        2.3931686609021026     
   7.5000863598973649E-003   1.0099240023263949        2.4084810466537365     
   7.5000863598973649E-003  -1.0099240023263949        2.4084810466537365     
  -2.5404851473289608E-002  0.97731674296903881        2.4419510475122923     
  -2.5404851473289608E-002 -0.97731674296903881        2.4419510475122923     
  -6.1131744577362646E-003   1.0012939967174590        2.4255684881889739     
  -6.1131744577362646E-003  -1.0012939967174590        2.4255684881889739     
   2.9818328669031807E-002   1.0394925789524798        2.3920808580118766     
   2.9818328669031807E-002  -1.0394925789524798        2.3920808580118766     
  -4.3822999261063006E-002  0.97370930706126346        2.4712949844306800     
  -4.3822999261063006E-002 -0.97370930706126346        2.4712949844306800     
  -2.1735921734030272E-002   1.0004246363417715        2.4516987697693402     
  -2.1735921734030272E-002  -1.0004246363417715        2.4516987697693402     
  -2.8773946250817500E-002   1.0000188735348232        2.4634911936240886     
  -2.8773946250817500E-002  -1.0000188735348232        2.4634911936240886     
  -2.3990403415453009E-002   1.0184258167372400        2.4682021228263764     
  -2.3990403415453009E-002  -1.0184258167372400        2.4682021228263764     
  -7.8549143877181982E-002  0.97023472146669809        2.5292812592236933     
  -7.8549143877181982E-002 -0.97023472146669809        2.5292812592236933     
  -6.7126110080126228E-002  0.98388388734804644        2.5186031641866817     
  -6.7126110080126228E-002 -0.98388388734804644        2.5186031641866817     
  -5.7076728634071372E-002  0.99983528263906396        2.5120962483071398     
  -5.7076728634071372E-002 -0.99983528263906396        2.5120962483071398     
  -5.7338912765373160E-002   1.0106607009155464        2.5200079214009445     
  -5.7338912765373160E-002  -1.0106607009155464        2.5200079214009445     
 -0.11420016710537331       0.95783631514740752        2.5835171577485792     
 -0.11420016710537331      -0.95783631514740752        2.5835171577485792     
  -8.3240063059897423E-002  0.99863000337998176        2.5565597560894560     
  -8.3240063059897423E-002 -0.99863000337998176        2.5565597560894560     
  -6.7261769635469232E-002   1.0184036281665343        2.5424545145973587     
  -6.7261769635469232E-002  -1.0184036281665343        2.5424545145973587     
 -0.10171835743101013       0.98843623320579588        2.5818499482750625     
 -0.10171835743101013      -0.98843623320579588        2.5818499482750625     
 -0.13077482426875481       0.96411451483117316        2.6167655715172637     
 -0.13077482426875481      -0.96411451483117316        2.6167655715172637     
  -9.8863987952595045E-002   1.0099062929302671        2.5913159250411013     
  -9.8863987952595045E-002  -1.0099062929302671        2.5913159250411013     
 -0.11278202365026443       0.99759471353019813        2.6072648922782644     
 -0.11278202365026443      -0.99759471353019813        2.6072648922782644     
 -0.15656094864726564       0.95725006524835377        2.6578806732075746     
 -0.15656094864726564      -0.95725006524835377        2.6578806732075746     
 -0.13503333193795963       0.98885014032436769        2.6403988239795795     
 -0.13503333193795963      -0.98885014032436769        2.6403988239795795     
  0.14603313642550186        1.2426527555021887        2.3617617020191881     
  0.14603313642550186       -1.2426527555021887        2.3617617020191881     
 -0.14448656743096655       0.99324951291614583        2.6598723592140612     
 -0.14448656743096655      -0.99324951291614583        2.6598723592140612     
 -0.15405901637940450       0.99000998932685103        2.6745760311653459     
 -0.15405901637940450      -0.99000998932685103        2.6745760311653459     
 -0.18168519766659022       0.95805713358997913        2.7029522280090532     
 -0.18168519766659022      -0.95805713358997913        2.7029522280090532     
 -0.13968757500658649        1.0097255583341527        2.6623278712609610     
 -0.13968757500658649       -1.0097255583341527        2.6623278712609610     
 -0.17551539033775060       0.97883071678479705        2.7052035955097571     
 -0.17551539033775060      -0.97883071678479705        2.7052035955097571     
 -0.13326305223954543        1.0288528681448028        2.6638914754243097     
 -0.13326305223954543       -1.0288528681448028        2.6638914754243097     
 -0.19023209659505619       0.96823304467994176        2.7245487759592781     
 -0.19023209659505619      -0.96823304467994176        2.7245487759592781     
 -0.17646629293841398        1.0068008123019958        2.7249238525997090     
 -0.17646629293841398       -1.0068008123019958        2.7249238525997090     
 -0.21060235426778087       0.96814525668183371        2.7607195428036113     
 -0.21060235426778087      -0.96814525668183371        2.7607195428036113     
 -0.23083512610119356       0.94531311970521592        2.7827926003675953     
 -0.23083512610119356      -0.94531311970521592        2.7827926003675953     
 -0.20090673036273962       0.98798355304348584        2.7559914470630726     
 -0.20090673036273962      -0.98798355304348584        2.7559914470630726     
 -0.22812015222048285       0.96133464013261705        2.7877494025902525     
 -0.22812015222048285      -0.96133464013261705        2.7877494025902525     
 -0.20976629564144256       0.98720894913297030        2.7712130604458789     
 -0.20976629564144256      -0.98720894913297030        2.7712130604458789     
 -0.23249458610525098       0.98015187516237301        2.8072138001758327     
 -0.23249458610525098      -0.98015187516237301        2.8072138001758327     
 -0.24241540873823653       0.96782754527667525        2.8173078511819973     
 -0.24241540873823653      -0.96782754527667525        2.8173078511819973     
 -0.25868961816837610       0.95390673048431562        2.8380051678126290     
 -0.25868961816837610      -0.95390673048431562        2.8380051678126290     
 -0.27318347938706522       0.93452955270286642        2.8525319707147938     
 -0.27318347938706522      -0.93452955270286642        2.8525319707147938     
 -0.31112276429817887       0.88323615379227072        2.8919924636809782     
 -0.31112276429817887      -0.88323615379227072        2.8919924636809782     
 -0.26552141834262638       0.96757542446644063        2.8585520716306747     
 -0.26552141834262638      -0.96757542446644063        2.8585520716306747     
 -0.23575193731153604        1.0101791367283854        2.8318549223505718     
 -0.23575193731153604       -1.0101791367283854        2.8318549223505718     
 -0.28924114885349761       0.95249222452386462        2.8921710218284531     
 -0.28924114885349761      -0.95249222452386462        2.8921710218284531     
 -0.29711793257560271       0.94410662466373174        2.9014409205500158     
 -0.29711793257560271      -0.94410662466373174        2.9014409205500158     
 -0.28153801406191070       0.96544526602382474        2.8860392584283834     
 -0.28153801406191070      -0.96544526602382474        2.8860392584283834     
 -0.27437008387334105       0.98014332162289852        2.8820703176213227     
 -0.27437008387334105      -0.98014332162289852        2.8820703176213227     
 -0.30989670270541458       0.93266414066906422        2.9179053379584969     
 -0.30989670270541458      -0.93266414066906422        2.9179053379584969     
 -0.31646905296024541       0.94875970132632237        2.9391938411676781     
 -0.31646905296024541      -0.94875970132632237        2.9391938411676781     
 -0.33333348112503114       0.92494421697891960        2.9560780625092180     
 -0.33333348112503114      -0.92494421697891960        2.9560780625092180     
 -0.35609009876948694       0.91027291949705313        2.9893620124294031     
 -0.35609009876948694      -0.91027291949705313        2.9893620124294031     
 -0.33084504578407065       0.95227893843298017        2.9672996624694976     
 -0.33084504578407065      -0.95227893843298017        2.9672996624694976     
 -0.33057802836533762       0.96613606681424524        2.9749188656517833     
 -0.33057802836533762      -0.96613606681424524        2.9749188656517833     
 -0.34852496826286294       0.94971020930852956        2.9979094206247758     
 -0.34852496826286294      -0.94971020930852956        2.9979094206247758     
 -0.35584315368308711       0.93942515658066372        3.0053371009911407     
 -0.35584315368308711      -0.93942515658066372        3.0053371009911407     
 -0.36906944691958626       0.92467566647945654        3.0211518415561036     
 -0.36906944691958626      -0.92467566647945654        3.0211518415561036     
 -0.39378375755921657       0.88928884542695619        3.0471039967859364     
 -0.39378375755921657      -0.88928884542695619        3.0471039967859364     
 -0.36346512243107332       0.94570405900945298        3.0228003228390370     
 -0.36346512243107332      -0.94570405900945298        3.0228003228390370     
 -0.38952123896650936       0.90785541150521876        3.0493316864990985     
 -0.38952123896650936      -0.90785541150521876        3.0493316864990985     
 -0.39426881833778049       0.92286810595393187        3.0662948584388396     
 -0.39426881833778049      -0.92286810595393187        3.0662948584388396     
 -0.41548596830724116       0.89166650418179660        3.0884084653627606     
 -0.41548596830724116      -0.89166650418179660        3.0884084653627606     
 -0.41295606602346668       0.90624372613262461        3.0915633862944270     
 -0.41295606602346668      -0.90624372613262461        3.0915633862944270     
 -0.44140141842542624       0.86379559162518182        3.1218123423217001     
 -0.44140141842542624      -0.86379559162518182        3.1218123423217001     
 -0.40801859062861545       0.92301242371933945        3.0916065110818485     
 -0.40801859062861545      -0.92301242371933945        3.0916065110818485     
 -0.39656232138732705       0.94334242794325796        3.0818757206922278     
 -0.39656232138732705      -0.94334242794325796        3.0818757206922278     
 -0.43422559261310834       0.89178959573169858        3.1230985107338674     
 -0.43422559261310834      -0.89178959573169858        3.1230985107338674     
 -0.49126633665582425       0.81180370901645271        3.1891769788321880     
 -0.49126633665582425      -0.81180370901645271        3.1891769788321880     
 -0.44194121182458901       0.89818057014074371        3.1407416106167823     
 -0.44194121182458901      -0.89818057014074371        3.1407416106167823     
 -0.45904709519756426       0.87147905036483708        3.1585453038548281     
 -0.45904709519756426      -0.87147905036483708        3.1585453038548281     
 -0.46577865482500003       0.87253765620229762        3.1716007517716851     
 -0.46577865482500003      -0.87253765620229762        3.1716007517716851     
 -0.45486106633349421       0.90797526805330409        3.1698070741510875     
 -0.45486106633349421      -0.90797526805330409        3.1698070741510875     
 -0.47901494852797677       0.87079397649947821        3.1953387430017899     
 -0.47901494852797677      -0.87079397649947821        3.1953387430017899     
 -0.44409691604623786       0.93021920068177022        3.1618639736682210     
 -0.44409691604623786      -0.93021920068177022        3.1618639736682210     
 -0.36207951544391465        1.0485993739490729        3.0810388673304905     
 -0.36207951544391465       -1.0485993739490729        3.0810388673304905     
 -0.46594129828658537       0.90064847367269885        3.1864503982773762     
 -0.46594129828658537      -0.90064847367269885        3.1864503982773762     
 -0.49425871027175811       0.85891770103589293        3.2177866939075916     
 -0.49425871027175811      -0.85891770103589293        3.2177866939075916     
 -0.51409000957914364       0.83295747774190543        3.2421775990356299     
 -0.51409000957914364      -0.83295747774190543        3.2421775990356299     
 -0.53335217491318332       0.80944073796603488        3.2672389072547130     
 -0.53335217491318332      -0.80944073796603488        3.2672389072547130     
 -0.50933246208301264       0.85608991721392735        3.2445484219718437     
 -0.50933246208301264      -0.85608991721392735        3.2445484219718437     
 -0.49359959716445412       0.89466985276215660        3.2346549960795139     
 -0.49359959716445412      -0.89466985276215660        3.2346549960795139     
 -0.50869482055930693       0.86993005836470683        3.2502281587497941     
 -0.50869482055930693      -0.86993005836470683        3.2502281587497941     
 -0.51956852140119736       0.86277601690196903        3.2669868876130925     
 -0.51956852140119736      -0.86277601690196903        3.2669868876130925     
 -0.53794502933892097       0.83960146341425146        3.2901452264156266     
 -0.53794502933892097      -0.83960146341425146        3.2901452264156266     
 -0.56419675851055118       0.79400153927597550        3.3183774629157545     
 -0.56419675851055118      -0.79400153927597550        3.3183774629157545     
 -0.53521434360220277       0.85244044530462904        3.2912148543063133     
 -0.53521434360220277      -0.85244044530462904        3.2912148543063133     
 -0.55454094422067690       0.82555702269778986        3.3146948991303473     
 -0.55454094422067690      -0.82555702269778986        3.3146948991303473     
 -0.51689269662383586       0.89538587537987702        3.2783350938939031     
 -0.51689269662383586      -0.89538587537987702        3.2783350938939031     
 -0.57427189075777263       0.79971129708052335        3.3400210645387673     
 -0.57427189075777263      -0.79971129708052335        3.3400210645387673     
 -0.56432495164920682       0.83208776480927682        3.3361834682067766     
 -0.56432495164920682      -0.83208776480927682        3.3361834682067766     
 -0.60053555419442961       0.76621405560060585        3.3750208427331652     
 -0.60053555419442961      -0.76621405560060585        3.3750208427331652     
 -0.55634497140737071       0.85282816151372143        3.3310352382133517     
 -0.55634497140737071      -0.85282816151372143        3.3310352382133517     
 -0.58454287383694381       0.81132848798100687        3.3647198410053734     
 -0.58454287383694381      -0.81132848798100687        3.3647198410053734     
 -0.59285685353416007       0.81061626975910472        3.3801150029487630     
 -0.59285685353416007      -0.81061626975910472        3.3801150029487630     
 -0.62337715255195880       0.74788952895217997        3.4107473232060457     
 -0.62337715255195880      -0.74788952895217997        3.4107473232060457     
 -0.61060561135042557       0.78715083002000874        3.4032731389513096     
 -0.61060561135042557      -0.78715083002000874        3.4032731389513096     
 -0.58333078938839822       0.84204817892031725        3.3766465798303136     
 -0.58333078938839822      -0.84204817892031725        3.3766465798303136     
 -0.60671169651621004       0.79849146782342795        3.4008998415859546     
 -0.60671169651621004      -0.79849146782342795        3.4008998415859546     
 -0.62403915932934217       0.76991672528392108        3.4213357277640215     
 -0.62403915932934217      -0.76991672528392108        3.4213357277640215     
 -0.65967023283317472       0.71441842775972209        3.4665733767994467     
 -0.65967023283317472      -0.71441842775972209        3.4665733767994467     
 -0.65335048692122477       0.72936131866712983        3.4604298337597927     
 -0.65335048692122477      -0.72936131866712983        3.4604298337597927     
 -0.62969821805025172       0.78570370956569480        3.4389098146141972     
 -0.62969821805025172      -0.78570370956569480        3.4389098146141972     
 -0.61247706888283682       0.82362576260682863        3.4231238302647098     
 -0.61247706888283682      -0.82362576260682863        3.4231238302647098     
 -0.64630774132018087       0.75459469942223201        3.4573136329524763     
 -0.64630774132018087      -0.75459469942223201        3.4573136329524763     
 -0.67362571552536932       0.69505108291388051        3.4858395670140840     
 -0.67362571552536932      -0.69505108291388051        3.4858395670140840     
 -0.63629084409879400       0.79071666259953510        3.4536187085729209     
 -0.63629084409879400      -0.79071666259953510        3.4536187085729209     
 -0.65362257451942041       0.76266143137542852        3.4746442871488590     
 -0.65362257451942041      -0.76266143137542852        3.4746442871488590     
 -0.70743446842784508       0.65410066768432695        3.5358709993034889     
 -0.70743446842784508      -0.65410066768432695        3.5358709993034889     
 -0.67247877860155492       0.73993610784060915        3.5013283373566919     
 -0.67247877860155492      -0.73993610784060915        3.5013283373566919     
 -0.67278616553134152       0.75204576102249010        3.5068489731431596     
 -0.67278616553134152      -0.75204576102249010        3.5068489731431596     
 -0.66105243928257362       0.77934333173578829        3.4958470421653125     
 -0.66105243928257362      -0.77934333173578829        3.4958470421653125     
 -0.68970384425513942       0.71969437521617974        3.5262928224994288     
 -0.68970384425513942      -0.71969437521617974        3.5262928224994288     
 -0.73156943469410818       0.61611948758666768        3.5694856270573321     
 -0.73156943469410818      -0.61611948758666768        3.5694856270573321     
 -0.70789448160433244       0.68371513293889263        3.5475601967015562     
 -0.70789448160433244      -0.68371513293889263        3.5475601967015562     
 -0.71994007954030281       0.65999166152936561        3.5621623436814667     
 -0.71994007954030281      -0.65999166152936561        3.5621623436814667     
 -0.70485442177424151       0.70423322810964906        3.5494337881927533     
 -0.70485442177424151      -0.70423322810964906        3.5494337881927533     
 -0.69635636342794094       0.73156295501311253        3.5437353902900481     
 -0.69635636342794094      -0.73156295501311253        3.5437353902900481     
 -0.68797138459092921       0.75434949422438602        3.5368333466190318     
 -0.68797138459092921      -0.75434949422438602        3.5368333466190318     
 -0.72967525348827111       0.67148808738754151        3.5851193334952902     
 -0.72967525348827111      -0.67148808738754151        3.5851193334952902     
 -0.72050962978100141       0.69840624735154599        3.5773684484607706     
 -0.72050962978100141      -0.69840624735154599        3.5773684484607706     
 -0.71599041437139077       0.71680050739403023        3.5756748149122020     
 -0.71599041437139077      -0.71680050739403023        3.5756748149122020     
 -0.74293615442564387       0.65803067657573178        3.6059527431115224     
 -0.74293615442564387      -0.65803067657573178        3.6059527431115224     
 -0.76455806298195927       0.59975849463995101        3.6282574511686443     
 -0.76455806298195927      -0.59975849463995101        3.6282574511686443     
 -0.75923123882622368       0.63115717305073837        3.6282560992161139     
 -0.75923123882622368      -0.63115717305073837        3.6282560992161139     
 -0.77066070670910780       0.62063545746028903        3.6469409920984042     
 -0.77066070670910780      -0.62063545746028903        3.6469409920984042     
 -0.75780197716379716       0.66529454592653936        3.6372924995555849     
 -0.75780197716379716      -0.66529454592653936        3.6372924995555849     
 -0.74935858088333929       0.68917312201131053        3.6295753334448588     
 -0.74935858088333929      -0.68917312201131053        3.6295753334448588     
 -0.74532374060075512       0.70333596345291916        3.6270347803172305     
 -0.74532374060075512      -0.70333596345291916        3.6270347803172305     
 -0.78111719131173063       0.61036121511953545        3.6639127888497063     
 -0.78111719131173063      -0.61036121511953545        3.6639127888497063     
 -0.76976972389742393       0.65140106293284983        3.6556138904217979     
 -0.76976972389742393      -0.65140106293284983        3.6556138904217979     
 -0.79474318223529461       0.58179186974401009        3.6814293961776938     
 -0.79474318223529461      -0.58179186974401009        3.6814293961776938     
 -0.80787112615201817       0.55282355562983876        3.6983768501405452     
 -0.80787112615201817      -0.55282355562983876        3.6983768501405452     
 -0.80241238020466543       0.57078416188776160        3.6930432134920528     
 -0.80241238020466543      -0.57078416188776160        3.6930432134920528     
 -0.80841952595449140       0.55753435066937906        3.7008322013585095     
 -0.80841952595449140      -0.55753435066937906        3.7008322013585095     
 -0.78587930998910249       0.63430863388174896        3.6810606609062337     
 -0.78587930998910249      -0.63430863388174896        3.6810606609062337     
 -0.79737294883490017       0.60284378735451705        3.6931498737802912     
 -0.79737294883490017      -0.60284378735451705        3.6931498737802912     
 -0.82658302517337290       0.50884108432469399        3.7227171968364021     
 -0.82658302517337290      -0.50884108432469399        3.7227171968364021     
 -0.76843029372497829       0.69310974475132336        3.6678372596049758     
 -0.76843029372497829      -0.69310974475132336        3.6678372596049758     
 -0.78980052557675695       0.64687733880829879        3.6929127694600599     
 -0.78980052557675695      -0.64687733880829879        3.6929127694600599     
 -0.82704924667100288       0.53567407637779307        3.7310071416530008     
 -0.82704924667100288      -0.53567407637779307        3.7310071416530008     
 -0.83928141659320155       0.49383722883406755        3.7437055652553646     
 -0.83928141659320155      -0.49383722883406755        3.7437055652553646     
 -0.81217176507288846       0.60253778272348013        3.7218885728055726     
 -0.81217176507288846      -0.60253778272348013        3.7218885728055726     
 -0.82783716078032166       0.56638653887934098        3.7414155881653048     
 -0.82783716078032166      -0.56638653887934098        3.7414155881653048     
 -0.86452975157364031       0.44230377509022800        3.7808031725557107     
 -0.86452975157364031      -0.44230377509022800        3.7808031725557107     
 -0.85567434158586719       0.47843746340524013        3.7720327810250502     
 -0.85567434158586719      -0.47843746340524013        3.7720327810250502     
 -0.82784634566508397       0.58894635095648440        3.7482317412735178     
 -0.82784634566508397      -0.58894635095648440        3.7482317412735178     
 -0.84593381321173833       0.53188308901530923        3.7669677179460868     
 -0.84593381321173833      -0.53188308901530923        3.7669677179460868     
 -0.87322328975008046       0.42852785387624759        3.7948376149490510     
 -0.87322328975008046      -0.42852785387624759        3.7948376149490510     
 -0.82887345464196316       0.59926544994788289        3.7534246211728162     
 -0.82887345464196316      -0.59926544994788289        3.7534246211728162     
 -0.85724919940124988       0.51606583554537033        3.7848639262836019     
 -0.85724919940124988      -0.51606583554537033        3.7848639262836019     
 -0.84559050048123763       0.55788203059274200        3.7736560220662447     
 -0.84559050048123763      -0.55788203059274200        3.7736560220662447     
 -0.86776832980585095       0.48287529868152840        3.7969461567317446     
 -0.86776832980585095      -0.48287529868152840        3.7969461567317446     
 -0.89489955467460458       0.37987154993637401        3.8275005783618727     
 -0.89489955467460458      -0.37987154993637401        3.8275005783618727     
 -0.87906129938608413       0.46105530902123609        3.8138593159312699     
 -0.87906129938608413      -0.46105530902123609        3.8138593159312699     
 -0.89029206306357989       0.42342274286918208        3.8274267777543329     
 -0.89029206306357989      -0.42342274286918208        3.8274267777543329     
 -0.86686632186114809       0.51972644666489354        3.8047273703014866     
 -0.86686632186114809      -0.51972644666489354        3.8047273703014866     
 -0.86171476933999469       0.54179982299054741        3.8006652407474668     
 -0.86171476933999469      -0.54179982299054741        3.8006652407474668     
 -0.87599773869702724       0.49672887380223441        3.8166437882550595     
 -0.87599773869702724      -0.49672887380223441        3.8166437882550595     
 -0.94157544075851307        5.9882667607810552E-002   3.8840741218485264     
 -0.94157544075851307       -5.9882667607810552E-002   3.8840741218485264     
 -0.89198478247701884       0.44415647916886314        3.8354048078735601     
 -0.89198478247701884      -0.44415647916886314        3.8354048078735601     
 -0.86286773514726156       0.55500259401512575        3.8066537516666230     
 -0.86286773514726156      -0.55500259401512575        3.8066537516666230     
 -0.90579054021843453       0.38505350940385613        3.8500908740892843     
 -0.90579054021843453      -0.38505350940385613        3.8500908740892843     
 -0.92133123357432578       0.29831608155608758        3.8656836176917775     
 -0.92133123357432578      -0.29831608155608758        3.8656836176917775     
 -0.91318042702289881       0.35466778567822682        3.8589575428666993     
 -0.91318042702289881      -0.35466778567822682        3.8589575428666993     
 -0.90279262516518233       0.41687677193548078        3.8507161394137146     
 -0.90279262516518233      -0.41687677193548078        3.8507161394137146     
 -0.88940742676619633       0.47994107428681149        3.8388185837843456     
 -0.88940742676619633      -0.47994107428681149        3.8388185837843456     
 -0.88895856487089220       0.48891961668044970        3.8401650765897459     
 -0.88895856487089220      -0.48891961668044970        3.8401650765897459     
 -0.93747423992577783       0.23951325725383493        3.8896968273313002     
 -0.93747423992577783      -0.23951325725383493        3.8896968273313002     
 -0.92547291852307079       0.32790104916469698        3.8786664721702921     
 -0.92547291852307079      -0.32790104916469698        3.8786664721702921     
 -0.90328668497880527       0.44380034393077916        3.8576302961410511     
 -0.90328668497880527      -0.44380034393077916        3.8576302961410511     
 -0.91371878725919564       0.40067932699859271        3.8689332306880617     
 -0.91371878725919564      -0.40067932699859271        3.8689332306880617     
 -0.93649573334659464       0.29480199837165755        3.8953024985772764     
 -0.93649573334659464      -0.29480199837165755        3.8953024985772764     
 -0.95112822597863267       0.19162547020296999        3.9116438915730281     
 -0.95112822597863267      -0.19162547020296999        3.9116438915730281     
 -0.93089516904797776       0.35129761950816879        3.8934868666063176     
 -0.93089516904797776      -0.35129761950816879        3.8934868666063176     
 -0.95043511029385874       0.21964669318498273        3.9131989242292273     
 -0.95043511029385874      -0.21964669318498273        3.9131989242292273     
 -0.93520950919979384       0.33099002050941567        3.8985205487893264     
 -0.93520950919979384      -0.33099002050941567        3.8985205487893264     
 -0.95732199467032486       0.15602705278695214        3.9208529549614024     
 -0.95732199467032486      -0.15602705278695214        3.9208529549614024     
 -0.94536987944187989       0.28112944832528808        3.9109480983269478     
 -0.94536987944187989      -0.28112944832528808        3.9109480983269478     
 -0.91137786221471662       0.45959246183786223        3.8772340530747416     
 -0.91137786221471662      -0.45959246183786223        3.8772340530747416     
 -0.92951373008334004       0.38667996460225978        3.8973919350556216     
 -0.92951373008334004      -0.38667996460225978        3.8973919350556216     
 -0.93406883797457718       0.36349215869061080        3.9019989229760466     
 -0.93406883797457718      -0.36349215869061080        3.9019989229760466     
 -0.92275075535949269       0.43169271342916965        3.8933671731494539     
 -0.92275075535949269      -0.43169271342916965        3.8933671731494539     
 -0.96612542928198719       0.13352353092672947        3.9367795686429305     
 -0.96612542928198719      -0.13352353092672947        3.9367795686429305     
 -0.95546509666934176       0.26066831667547796        3.9282275546481182     
 -0.95546509666934176      -0.26066831667547796        3.9282275546481182     
 -0.97296039662649925        8.6589147783325947E-003   3.9459397942537859     
 -0.97296039662649925       -8.6589147783325947E-003   3.9459397942537859     
 -0.94914322539629148       0.31494051705725346        3.9235663923978716     
 -0.94914322539629148      -0.31494051705725346        3.9235663923978716     
 -0.93855655857644926       0.37797589038581486        3.9136179005384442     
 -0.93855655857644926      -0.37797589038581486        3.9136179005384442     
 -0.95699115959311443       0.28855330827840053        3.9351411565458259     
 -0.95699115959311443      -0.28855330827840053        3.9351411565458259     
 -0.93550064897521401       0.40893211885606501        3.9137292100913417     
 -0.93550064897521401      -0.40893211885606501        3.9137292100913417     
 -0.96891615450206658       0.19314629809205047        3.9472832377113152     
 -0.96891615450206658      -0.19314629809205047        3.9472832377113152     
 -0.96233082896857836       0.25295393729883464        3.9408979814088210     
 -0.96233082896857836      -0.25295393729883464        3.9408979814088210     
 -0.97591804446430164       0.11039352568289411        3.9549175009958919     
 -0.97591804446430164      -0.11039352568289411        3.9549175009958919     
 -0.97805070551532425        7.6066996976728113E-002   3.9575634692071198     
 -0.97805070551532425       -7.6066996976728113E-002   3.9575634692071198     
 -0.98173936861752964        3.9166204367041609E-002   3.9638657310609346     
 -0.98173936861752964       -3.9166204367041609E-002   3.9638657310609346     
 -0.98285167631597070        2.0364556205675045E-002   3.9658079253084968     
 -0.98285167631597070       -2.0364556205675045E-002   3.9658079253084968     
 -0.98292956200476533        8.6882330186919668E-002   3.9677615919687925     
 -0.98292956200476533       -8.6882330186919668E-002   3.9677615919687925     
 -0.97741380408474399       0.17599766595822666        3.9626444030348109     
 -0.97741380408474399      -0.17599766595822666        3.9626444030348109     
 -0.97365258077854988       0.21907552242615380        3.9594266349297573     
 -0.97365258077854988      -0.21907552242615380        3.9594266349297573     
 -0.97347676791825699       0.22833314570174479        3.9601188038520445     
 -0.97347676791825699      -0.22833314570174479        3.9601188038520445     
 -0.95709924615337982       0.34562506985334318        3.9444829907294636     
 -0.95709924615337982      -0.34562506985334318        3.9444829907294636     
 -0.98451255306530194       0.12841521614374529        3.9731755564449616     
 -0.98451255306530194      -0.12841521614374529        3.9731755564449616     
 -0.97228950511355894       0.25933046252362008        3.9615552442177648     
 -0.97228950511355894      -0.25933046252362008        3.9615552442177648     
 -0.96967621735194798       0.29621092810777883        3.9615008369237490     
 -0.96967621735194798      -0.29621092810777883        3.9615008369237490     
 -0.98174331330141795       0.20154211974208291        3.9737086206913368     
 -0.98174331330141795      -0.20154211974208291        3.9737086206913368     
 -0.96641984796407954       0.32151692940270243        3.9589509404089669     
 -0.96641984796407954      -0.32151692940270243        3.9589509404089669     
 -0.99207572981876813        6.5806819372257200E-002   3.9852381042400973     
 -0.99207572981876813       -6.5806819372257200E-002   3.9852381042400973     
 -0.98824274927480227       0.15047443834644586        3.9821714808596358     
 -0.98824274927480227      -0.15047443834644586        3.9821714808596358     
 -0.98873337105625314       0.16593632135138162        3.9843774485150565     
 -0.98873337105625314      -0.16593632135138162        3.9843774485150565     
 -0.97591289460818198       0.28089025754848451        3.9716912149294892     
 -0.97591289460818198      -0.28089025754848451        3.9716912149294892     
 -0.99739972813785394        5.9574783884574697E-002   3.9956877025900015     
 -0.99739972813785394       -5.9574783884574697E-002   3.9956877025900015     
 -0.99504901888673492       0.13197333488566496        3.9944583188755507     
 -0.99504901888673492      -0.13197333488566496        3.9944583188755507     
 -0.99931901731307760        2.6630094409285768E-002   3.9988153776293389     
 -0.99931901731307760       -2.6630094409285768E-002   3.9988153776293389     
 -0.99706606413737631       0.10974065557567135        3.9971450315822441     
 -0.99706606413737631      -0.10974065557567135        3.9971450315822441     
 -0.98877894426819035       0.23614264641449614        3.9915283141645181     
 -0.98877894426819035      -0.23614264641449614        3.9915283141645181     
 -0.96916844423398274       0.37345612678282925        3.9734373484478152     
 -0.96916844423398274      -0.37345612678282925        3.9734373484478152     
  -1.0071442772893764        5.5301576361193447E-003   4.0142961730110169     
  -1.0071442772893764       -5.5301576361193447E-003   4.0142961730110169     
  -1.0074716910393726        9.4094466635183796E-002   4.0171473760631624     
  -1.0074716910393726       -9.4094466635183796E-002   4.0171473760631624     
  -1.0036770821098713       0.18504157225030038        4.0158804100151784     
  -1.0036770821098713      -0.18504157225030038        4.0158804100151784     
  -1.0155580759035945        7.5618235864853431E-002   4.0325341478825143     
  -1.0155580759035945       -7.5618235864853431E-002   4.0325341478825143     
  -1.0175291723167050        3.3232545364188584E-002   4.0353320277067732     
  -1.0175291723167050       -3.3232545364188584E-002   4.0353320277067732     
  -1.0082102968379094       0.20077461142360994        4.0264320490044314     
  -1.0082102968379094      -0.20077461142360994        4.0264320490044314     
  -1.0181653358361795       0.16304854924775597        4.0429063445043392     
  -1.0181653358361795      -0.16304854924775597        4.0429063445043392     
  -1.0302187279196047        0.0000000000000000        4.0604374558392093     
  -1.0339096653444591      -0.11151319205147196        4.0708740044488820     
  -1.0339096653444591       0.11151319205147196        4.0708740044488820     
  -1.0588720004827841       -7.7947182024385997E-002   4.1192189803765888     
  -1.0588720004827841        7.7947182024385997E-002   4.1192189803765888     
