3.7537440827555190E-007
3.6459341106319347E-007
3.8489962792654820E-007
3.9770397354534176E-007
3.5438812673975677E-007
4.2409624002261733E-007
3.9640116630820789E-007
4.9337405351300520E-007
4.2337274108855184E-007
5.2300914926858256E-007
5.0353766524486057E-007
6.4172548019152773E-007
6.4978496921235477E-007
5.4077466252023235E-007
6.3882116771126706E-007
6.8379673934005540E-007
7.4850929495226255E-007
7.7683862167120155E-007
7.5779479525019822E-007
9.0326015538178981E-007
9.8340649626382920E-007
9.1605561739985169E-007
9.4767749434139445E-007
8.6765700412832217E-007
8.4749503645665116E-007
1.0673708716308808E-006
8.1582207219109562E-007
9.3327836506240071E-007
1.3142021907960741E-006
1.2316217309415492E-006
1.1245035036362315E-006
1.3188731175591194E-006
1.5521416619113496E-006
1.3519205279704018E-006
1.6729067445284742E-006
1.6463357565216733E-006
1.6068444149057914E-006
1.7482133165167698E-006
1.8928361431965307E-006
1.7545640411242026E-006
1.7007446698584548E-006
1.8366249779329022E-006
2.2596754816545134E-006
2.3530325037989181E-006
2.3821695502609019E-006
2.3580602652040622E-006
2.4143576721326304E-006
2.4442085967163189E-006
2.8775477114456045E-006
2.5894121225629625E-006
2.7638436542220330E-006
2.9710129992444417E-006
3.1828530972182851E-006
2.9708182682653917E-006
3.3365831766294364E-006
3.9229343104248026E-006
3.9712050135367111E-006
4.2994277594806576E-006
4.2108626215936240E-006
4.0399167290731897E-006
4.3632229956733468E-006
4.8568063243220067E-006
4.7018930038620330E-006
4.4923176549348712E-006
4.9023394945697567E-006
4.9794625536026711E-006
5.1789489625510822E-006
6.0838391031126225E-006
6.3001547603685869E-006
6.1256003192528260E-006
6.2185419133665304E-006
6.5336480972358147E-006
6.5760292905375707E-006
7.2029556194444504E-006
7.3478979916842557E-006
7.7850085463676397E-006
7.7818955692389331E-006
8.4503573531759832E-006
8.1323240647491694E-006
9.3054914602720653E-006
9.7055974408071952E-006
1.0383939118431695E-005
9.1434237264852977E-006
9.8071860462103516E-006
1.0700897120977263E-005
1.2115889060527443E-005
1.2240144199013796E-005
1.1495031498051194E-005
1.2898664119873104E-005
1.2185344157722331E-005
1.3581473956466192E-005
1.5126406087377062E-005
1.3933851863552746E-005
1.5084513144125222E-005
1.5241342434998333E-005
1.6038206074687413E-005
1.6180752148108340E-005
1.7053698013477507E-005
1.5756026408953867E-005
1.7644517589577615E-005
1.9653942901431060E-005
1.9624849575350307E-005
2.0526301223741161E-005
2.1257193089838155E-005
2.2275705129656175E-005
2.2734433900429566E-005
2.4572033356452838E-005
2.4184351772855220E-005
2.4070304400442334E-005
2.5370659088527264E-005
2.6522177655107515E-005
2.5619120619721185E-005
2.7364030243524923E-005
2.8538496902043997E-005
2.9675097796345657E-005
3.1798788555190325E-005
3.2236651752720099E-005
3.3253409986311795E-005
3.4192604369119380E-005
3.4562021036940194E-005
3.5759738931198444E-005
3.7347559432190737E-005
3.8427023192279968E-005
3.9867857634974787E-005
4.1405841075514730E-005
4.3673212056086009E-005
4.1565555012047340E-005
4.6237711951184799E-005
4.7645606807420469E-005
4.5233698020154493E-005
4.9279911296579824E-005
4.9402823020623989E-005
5.2744413778776510E-005
5.5197319076243339E-005
5.6768079028177830E-005
5.5815773040625870E-005
5.8049295351714304E-005
6.1169711808096281E-005
6.5613120199670458E-005
6.5917208212777056E-005
6.6676023158362621E-005
6.7526822914261680E-005
6.7834627443091422E-005
7.2699585203090620E-005
7.5534241555144253E-005
7.6046849508125327E-005
7.5269461058705605E-005
8.0180943583781065E-005
8.3964266629419441E-005
8.0546001420661451E-005
8.6632715627401908E-005
9.2893403824460829E-005
9.6377790230396055E-005
9.7470719703267618E-005
9.7210337311444875E-005
1.0037968987236297E-004
1.0340752916502040E-004
1.0679186811620493E-004
1.0814829050635996E-004
1.1204557635680742E-004
1.1476439900094405E-004
1.1731768579814490E-004
1.2582776596220326E-004
1.2130866908632282E-004
1.2528087793097214E-004
1.3196975025715375E-004
1.3912463001394828E-004
1.3819525454016146E-004
1.4468811389928572E-004
1.4848378146973734E-004
1.5071299907047699E-004
1.5438417551168489E-004
1.5216258480072592E-004
1.6473731709794933E-004
1.6564131228343854E-004
1.6229749774250514E-004
1.7764165980917377E-004
1.6852488875275916E-004
1.8327766220131470E-004
1.9203221149587427E-004
1.8393097210896546E-004
1.9493654467871280E-004
2.0648901064432602E-004
2.0564837039692692E-004
2.1181762281768468E-004
2.1823013479127613E-004
2.1802845501342656E-004
2.3103726569772675E-004
2.3048556450916608E-004
2.3969954358349797E-004
2.4126557777093564E-004
2.4780699821706645E-004
2.5541767722609673E-004
2.6689434500245764E-004
2.6166667883520449E-004
2.7163305779318383E-004
2.8308854110077408E-004
2.8539715330496492E-004
2.8677217773494604E-004
3.0270908579347705E-004
3.0494548493417218E-004
3.1458881017813750E-004
3.2094466661737961E-004
3.1742957953476218E-004
3.3125096287238095E-004
3.3913186090732433E-004
3.4096665232978958E-004
3.4521988165736893E-004
3.7051001367564883E-004
3.5810325229512080E-004
3.7101897053143189E-004
3.8920899205689908E-004
3.9751889207802351E-004
3.9803080441679062E-004
3.9757243934578193E-004
4.2205820036707959E-004
4.3066247607506994E-004
4.3641581592497223E-004
4.3951899467566862E-004
4.5330250429089983E-004
4.5732256093543837E-004
4.7355635378745580E-004
4.7381438895808398E-004
5.0266392484855254E-004
5.0320600099990390E-004
5.0255291048280511E-004
5.1894794126081567E-004
5.3115368253358534E-004
5.3303793183818180E-004
5.4993952423289033E-004
5.7279708312909659E-004
5.6524087146244632E-004
5.7976405364513713E-004
5.9495661852798892E-004
6.1606451254768294E-004
6.1512536458931360E-004
6.0574522094183295E-004
6.4177302194065697E-004
6.6152537116259951E-004
6.5866416515148135E-004
6.8243087742237752E-004
6.8138511003790843E-004
6.9633826386955751E-004
7.0368281120889028E-004
7.2085906353095157E-004
7.2373757351009435E-004
7.7677160144795556E-004
7.5725327929734398E-004
7.6512389362639363E-004
7.9092483203312982E-004
7.8741822218736423E-004
8.2097413091355704E-004
8.4520738957169570E-004
8.3474352062249129E-004
8.6047722814242564E-004
8.5921750188035803E-004
8.9529285903847285E-004
8.9470482099397600E-004
8.9457693663483968E-004
9.3155687813941074E-004
9.3942586516041903E-004
9.4718915963899330E-004
9.6951872216593940E-004
9.8362495870616545E-004
1.0093551473528755E-003
9.9309528452670259E-004
1.0396090302507083E-003
1.0676219570284447E-003
1.0475093914385021E-003
1.0760311655362859E-003
1.0920452550937086E-003
1.0992275110402630E-003
1.1000954158886303E-003
1.1520755585909400E-003
1.1196814928539833E-003
1.1951698355194651E-003
1.1715760723603036E-003
1.1752349943845654E-003
1.2330243545800720E-003
1.2228963403658661E-003
1.2529896661493784E-003
1.2601438891727949E-003
1.3009117140710407E-003
1.3044152271536834E-003
1.3244047216586796E-003
1.3556753559267757E-003
1.3968627981649883E-003
1.3767608050056243E-003
1.3781479225883555E-003
1.4263578637305737E-003
1.4417271268958867E-003
1.4446106189969770E-003
1.4837808153689166E-003
1.4724104196885965E-003
1.5076734589098003E-003
1.5415965765354204E-003
1.5341531264520944E-003
1.5515070608292990E-003
1.5938638214312920E-003
1.6149477320039653E-003
1.6282050674645311E-003
1.6332354534158904E-003
1.6613667917942246E-003
1.6794793944288526E-003
1.6731148768989043E-003
1.7338431936119632E-003
1.7164980603940334E-003
1.7664839946638870E-003
1.7674022856879938E-003
1.8127335766107953E-003
1.8423761614263328E-003
1.8635728094896602E-003
1.8835725008578424E-003
1.8579816775367184E-003
1.9079352140924605E-003
1.8951920073700626E-003
1.8855748435454198E-003
1.9382500683982624E-003
1.9617810889707432E-003
1.9840636143560707E-003
1.9935559996941102E-003
2.0851446864405721E-003
2.0761930362448605E-003
2.0713402750641733E-003
2.1151266164441550E-003
2.0994301354073453E-003
2.1366849882200568E-003
2.1775775728264941E-003
2.1820250975273319E-003
2.2011967167186253E-003
2.1823063369010602E-003
2.2613509730435651E-003
2.2628988815327476E-003
2.2469052980408203E-003
2.2700002251546322E-003
2.3188562759720926E-003
2.3257341968462501E-003
2.3371180808501551E-003
2.3615476795728774E-003
2.3663691862274914E-003
2.4323796893396888E-003
2.4356953907465921E-003
2.4259860908228195E-003
2.4317340048849623E-003
2.5355084790605808E-003
2.4862825357103704E-003
2.4813331643145546E-003
2.5012925894653606E-003
2.5588775614127017E-003
2.6038282548483420E-003
2.5754340379897547E-003
2.6165222760601296E-003
2.6674958220254379E-003
2.6822479627239115E-003
2.6634137015510034E-003
2.6818833688714992E-003
2.6979357581466113E-003
2.7213843569165088E-003
2.7715855283823158E-003
2.7099128274031803E-003
2.7935254081080251E-003
2.7857672858553027E-003
2.8904636091173757E-003
2.8380618550441663E-003
2.8574677772250324E-003
2.8452210455445939E-003
2.8547429763633165E-003
2.9132388440332294E-003
2.9778070558532680E-003
2.9042877375844663E-003
2.9481835591273066E-003
2.9947233634372971E-003
3.0022151462603028E-003
2.9733785239166267E-003
3.0042544255078300E-003
3.0855777138868810E-003
3.0980939757163546E-003
3.0562285036127255E-003
3.1511034049818789E-003
3.1041185456871880E-003
3.1260424084668444E-003
3.1373967310277156E-003
3.1326816281779003E-003
3.1412920519256183E-003
3.1810344810862066E-003
3.1895910136345083E-003
3.2081959779069755E-003
3.2158544530563847E-003
3.2036023286601159E-003
3.2392841576595758E-003
3.3047445816578374E-003
3.2698383877724853E-003
3.2721505732684480E-003
3.3464263249198948E-003
3.3230718419393667E-003
3.3406448994236617E-003
3.3871617376697977E-003
3.4040537016485142E-003
3.3808899669066812E-003
3.3298642454194101E-003
3.3717770964780199E-003
3.4158394601137196E-003
3.4350284154903111E-003
3.4250613800332172E-003
3.4199555046630832E-003
3.3724981251902946E-003
3.4593240010315019E-003
3.4433120342844442E-003
3.5272210905197602E-003
3.4931978790421546E-003
3.5350384873243171E-003
3.4343113247976959E-003
3.4906322289807203E-003
3.4760956221253649E-003
3.4831443698800299E-003
3.5091473716301817E-003
3.5426794164345903E-003
3.5775589138366320E-003
3.5588090981333855E-003
3.4866268930622609E-003
3.6036736135043488E-003
3.5532544272549927E-003
3.6242235810821019E-003
3.5611505232115278E-003
3.5382410261066526E-003
3.5369837773608455E-003
3.5827394982416412E-003
3.6599559606970999E-003
3.5975602724801830E-003
3.5835660412707527E-003
3.5816039690531485E-003
3.5865161061646275E-003
3.6262549977634419E-003
3.6376898135750285E-003
3.6120542502320690E-003
3.6281084022166872E-003
3.5911669372428656E-003
3.6789666161447829E-003
3.6154244625608550E-003
3.6224511147854568E-003
3.6098142286750496E-003
3.5996749313280357E-003
3.7165402278584031E-003
3.5993942089169559E-003
3.5647108672328021E-003
3.6423860843695552E-003
3.5595835827882337E-003
3.5825721971709992E-003
3.5500687405410417E-003
3.5999980969453876E-003
3.5839443449541186E-003
3.6306867857459520E-003
3.5497032900368461E-003
3.6171486550588554E-003
3.5524558661426090E-003
3.5914611455393234E-003
3.5274826497459508E-003
3.5630092845117221E-003
3.5060017175852997E-003
3.5211884058336685E-003
3.5488628678006424E-003
3.6123347639107060E-003
3.6178231701111080E-003
3.5954992843340167E-003
3.4973965093655014E-003
3.5906617185833809E-003
3.5711325864882584E-003
3.6093081218784170E-003
3.6244105744964762E-003
3.4820986964167306E-003
3.5481396940722173E-003
3.5167334278982435E-003
3.4115435393474135E-003
3.4715415034229573E-003
3.5072411661439965E-003
3.4264642613587161E-003
3.5141067513651280E-003
3.4759503042337040E-003
3.4641897462450782E-003
3.4330997557757152E-003
3.3946923270553090E-003
3.3767797838265114E-003
3.3642672247123774E-003
3.3617653130082613E-003
3.3764667044684912E-003
  3.3181303946310421E-003
  3.3008879222660705E-003
  3.3336851361893201E-003
  3.2859180251211678E-003
  3.3196320992948947E-003
  3.2487986186531081E-003
  3.2895908009174923E-003
  3.3376628037857735E-003
  3.1911126144933337E-003
  3.2633625735011269E-003
  3.1975676208591268E-003
  3.1829784210517464E-003
  3.1567838239909447E-003
  3.1732189732227608E-003
  3.1598146891167306E-003
  3.1248121482090152E-003
  3.1257979379218192E-003
  3.1498052996258873E-003
  3.1485516385740980E-003
  3.1124490910851323E-003
  3.0898716554855535E-003
  3.0856310991054930E-003
  2.9908714946168557E-003
  3.0440376086284713E-003
  3.0543169568024221E-003
  3.0072109227320810E-003
  2.9514041033433698E-003
  2.9257155500820014E-003
  2.8993567181101313E-003
  2.9011311695399168E-003
  2.9332737441727886E-003
  2.9793140190820344E-003
  2.8969374068009502E-003
  2.8748504721764576E-003
  2.8505002570071792E-003
  2.8920632288099803E-003
  2.8164872142957434E-003
  2.8305260911510892E-003
  2.7621439651410989E-003
  2.7372204234107885E-003
  2.7601941445440266E-003
  2.7264550418024604E-003
  2.7714851770865678E-003
  2.6921413277108284E-003
  2.6434553356267242E-003
  2.6060056226575082E-003
  2.6410784764421109E-003
  2.6381698293901526E-003
  2.5510492944661985E-003
  2.5604499868145257E-003
  2.5366445947026701E-003
  2.4915352211594063E-003
  2.5344975451306560E-003
  2.5382413205517480E-003
  2.4672682497637812E-003
  2.4256066919670820E-003
  2.4149471989896613E-003
  2.4167811775688331E-003
  2.3967183923535203E-003
  2.3509015060633382E-003
  2.3175664334284963E-003
  2.3377561172816851E-003
  2.3092144022699370E-003
  2.3599794277048215E-003
  2.3083277820830639E-003
  2.3250716965405789E-003
  2.2195681947235397E-003
  2.2652584054628309E-003
  2.1628671062818780E-003
  2.1854422058636435E-003
  2.2239001948563845E-003
  2.0834124868622322E-003
  2.1398975986766989E-003
  2.0810582786866261E-003
  2.1259542216486870E-003
  2.0664605191238481E-003
  2.0003155585163806E-003
  2.0610398561119888E-003
  1.9766659664213647E-003
  2.0038034071706103E-003
  1.9226311700686598E-003
  1.8815379288083984E-003
  1.9344053111302300E-003
  1.9696516455380911E-003
  1.8410453751926722E-003
  1.8751247518635731E-003
  1.8563977393979058E-003
  1.8189498671203146E-003
  1.8237984948273446E-003
  1.8187219661183454E-003
  1.7938304058504179E-003
  1.7293476967006202E-003
  1.7818846162256730E-003
  1.7360391673073407E-003
  1.7017135529443271E-003
  1.6327714907604226E-003
  1.6500356404699338E-003
  1.6068778357965982E-003
  1.6312225580537743E-003
  1.5830970465278531E-003
  1.5931208391218050E-003
  1.5691102984352926E-003
  1.5121906681917758E-003
  1.5106414442606019E-003
  1.5501662528570794E-003
  1.4822776974617597E-003
  1.4697182671116250E-003
  1.4834197659070597E-003
  1.4527668507789771E-003
  1.3537444968708635E-003
  1.4160705555849751E-003
  1.3668347573856075E-003
  1.3842665861923606E-003
  1.3104752478580606E-003
  1.3546200777149577E-003
  1.2628699065432910E-003
  1.2753327390256179E-003
  1.2512516413495400E-003
  1.2653053365873895E-003
  1.1987557505070457E-003
  1.2193165014278149E-003
  1.1816517843746565E-003
  1.1472742477768648E-003
  1.1715813517737977E-003
  1.1725016436308687E-003
  1.1511625256812607E-003
  1.1260391913884408E-003
  1.1063504693633978E-003
  1.0947939423560818E-003
  1.0350820150917129E-003
  1.0987184161134549E-003
  1.0358147945036666E-003
  1.0496583901629458E-003
  9.9278620592154442E-004
  9.7965584426103376E-004
  9.5414066472825456E-004
  9.3995681856312314E-004
  9.4245842866645907E-004
  9.4924407326477036E-004
  9.4741348843736058E-004
  8.7527286018762509E-004
  8.4077317330755825E-004
  8.1649935457478245E-004
  8.5916949234338819E-004
  8.4880620755315209E-004
  7.7592717014787554E-004
  8.3504285467194089E-004
  7.7935421530199737E-004
  7.8984260115745023E-004
  7.6036705505870843E-004
  7.7615453693547116E-004
  7.4832200015622404E-004
  7.2478070016200754E-004
  7.2885981501520051E-004
  7.0271517417496722E-004
  7.1896769053753562E-004
  6.9286718523035818E-004
  7.1172253502052411E-004
  6.6455149386379425E-004
  6.5279788286522710E-004
  6.2683850742012003E-004
  6.5565114681818276E-004
  6.1238180674618131E-004
  6.1750542184640467E-004
  6.1893938546849858E-004
  6.1093205503097295E-004
  5.5426084054298449E-004
  5.5678480195443607E-004
  5.4310814821178556E-004
  5.4719157198662672E-004
  5.3302333928818206E-004
  5.3813791346767894E-004
  5.1048479264683875E-004
  5.0521736680220685E-004
  4.9788225000134477E-004
  4.6051422673036905E-004
  4.8583488166255149E-004
  4.5992908759401812E-004
  4.7021123939887822E-004
  4.7015303507084701E-004
  4.3301827503759314E-004
  4.1602617096597223E-004
  4.1037123784138128E-004
  4.1908906532992635E-004
  3.7296317377605743E-004
  3.8783791840168866E-004
  4.0062664554064796E-004
  4.0827492390751628E-004
  3.6747957753929583E-004
  3.5783662814182143E-004
  3.5533214278885716E-004
  3.8633689162837132E-004
  3.2548961665991799E-004
  3.4328023467902470E-004
  3.1652416043014686E-004
  3.2467839705550134E-004
  3.1112431865108184E-004
  3.2127161737617637E-004
  2.8411852614715295E-004
  3.0129945321005931E-004
  2.8583442029402766E-004
  2.9044028495173012E-004
  2.7652845155532108E-004
  2.6664806799288939E-004
  2.9319306453045706E-004
  2.5941195446028921E-004
  2.4312731548332972E-004
  2.5568280353437876E-004
  2.5183969434255758E-004
  2.2572949201589681E-004
  2.3676570640396102E-004
  2.3740236545968631E-004
  2.0353709783721617E-004
  2.1307470038358191E-004
  2.2061636338746465E-004
  1.9133760218896116E-004
  2.0574359411821389E-004
  1.9564796247880707E-004
  1.7923248475837275E-004
  1.7261808164101348E-004
  1.8014166466473561E-004
  1.8472367124473758E-004
  1.6793401276215912E-004
  1.5555656262261714E-004
  1.6789225686736876E-004
  1.4395690887906813E-004
  1.5192842977713233E-004
  1.4542695038917441E-004
  1.4711808787090894E-004
  1.3536229150492573E-004
  1.4952176041202716E-004
  1.3923272048693841E-004
  1.3423027093508203E-004
  1.2828904980118107E-004
  1.3093643689830877E-004
  1.1836275427921492E-004
  1.1864269660774983E-004
  1.2981780512256932E-004
  1.1162869156372855E-004
  1.0624877559446375E-004
  1.0135727640491379E-004
  1.0824724577113330E-004
  1.0054786395715140E-004
  9.8502205598967091E-005
  9.4589550463824152E-005
  9.9571280580397199E-005
  7.4668040207095449E-005
  8.5721640899694265E-005
  8.4179575322641166E-005
  8.1713528464835228E-005
  7.2303062223421621E-005
  7.1252693074935240E-005
  7.8057282640396942E-005
  6.8700019699457373E-005
  7.6865004947646056E-005
  6.9379069949502721E-005
  6.2836095570005841E-005
  7.0051095292144059E-005
  6.9013350964291224E-005
  6.5241311739900611E-005
  6.1937527004949256E-005
  5.9554200365356433E-005
  5.8086482857448577E-005
  4.5298831136842955E-005
  5.9687130982479806E-005
  6.0482433384524849E-005
  4.4153602303735670E-005
  4.4523449919489632E-005
  5.5216672119766216E-005
  4.7946660996391985E-005
  4.9648373918077765E-005
  3.6163672705315849E-005
  4.1890818116240599E-005
  4.7596637741129230E-005
  4.4400928536149867E-005
  4.2103022488874003E-005
  3.8043793203645610E-005
  3.9297882565510799E-005
  3.8343370347927539E-005
  3.2113223291465561E-005
  2.9418734213724027E-005
  3.1993247730378078E-005
  3.1058342024381974E-005
  3.3183037550157032E-005
  2.6147767404722114E-005
  2.6968331142633828E-005
  2.2575790362310216E-005
  2.7732885713037464E-005
  2.2057636540430767E-005
  2.5037373238224064E-005
  2.3266163215191705E-005
  2.2361600216235297E-005
  1.5880642930521834E-005
  2.1419113535446631E-005
  1.7102316307545077E-005
  1.7069339826838377E-005
  1.4054998765265407E-005
  2.1679314589320228E-005
  2.1213007650146059E-005
  1.6090557792083620E-005
  1.3946174646892038E-005
  1.2231824030884369E-005
  1.6417549077632908E-005
  1.7225684828059263E-005
  1.6353270385173385E-005
  1.7995101248136028E-005
  1.2530009266725495E-005
  1.6256892153167753E-005
  1.2896619447579871E-005
  1.1625509638678396E-005
  1.1602465744619436E-005
  1.1992979275742988E-005
  7.8418412597183490E-006
  1.1121468095327627E-005
  1.2332527204527913E-005
  1.2307876374543386E-005
  5.3227350520746172E-006
  8.5810219147110022E-006
  1.1418382095308943E-005
  7.3256216498132811E-006
  7.7170203461958034E-006
  6.8907686087847953E-006
  6.8768414900214006E-006
  5.2481162846557864E-006
  7.6547739360510154E-006
  5.6289080325342016E-006
  6.0187099242329396E-006
  7.2077446523171472E-006
  7.9922732625398669E-006
  7.5771535495553555E-006
  5.1737653189457242E-006
  5.5603359404975729E-006
  6.7379888210014473E-006
  4.3509207725666410E-006
  3.9472477048132477E-006
  4.7269422112081680E-006
  3.1447960425104388E-006
  3.5305897084385649E-006
  4.6977189930563680E-006
  4.2973263179254580E-006
  1.5594243806271101E-006
  1.9452339635257200E-006
  1.9411906629868217E-006
  3.4868711316944383E-006
  2.7063594804253143E-006
  3.8581611475442860E-006
  3.4650911858137130E-006
  1.9210242214605902E-006
  3.0672021007787100E-006
  1.9129819838656991E-006
  3.8179325679587892E-006
  3.0479268200597937E-006
  3.0415135489994638E-006
  1.8969414486805171E-006
  2.6501170521466348E-006
  2.2667327080389465E-006
  3.3929118184670464E-006
  1.5047696461393265E-006
  3.3785587988513219E-006
  2.2475954554783958E-006
  7.4760776344846386E-007
  2.2380560888422216E-006
  1.1166469509760993E-006
  1.8571139833028016E-006
  7.4126159082242040E-007
  1.8491982736488639E-006
  1.1071481479638005E-006
  3.6825998711426861E-007
  1.1024144277735862E-006
  7.3336771358647738E-007
  7.3179427463550236E-007
  1.0953339749665861E-006
  2.1859585631467299E-006
  7.2708490240466985E-007
  1.0882782125841596E-006
  3.6197729324025555E-107
  3.6119612530346143E-107
  3.6041590725131194E-107
  3.5963664584698796E-007
  3.5885834775541327E-007
  7.1616203908308807E-007
  1.0719140030208590E-006
  1.4261171940842604E-006
  3.5575491835845650E-007
  3.5498153336456180E-107
  7.0841829924880519E-007
  3.5343777312908945E-007
  3.5266740977642711E-007
  3.5189806537434927E-007
  1.0533892369141218E-006
  3.5036245619524611E-007
  1.0487886077451244E-006
  3.4883099024807337E-007
  6.9613364911031363E-007
  1.0419111323368361E-006
  3.4654165410907838E-107
  6.9156131930124319E-007
